   3.7322908e-01
   3.9703942e-01
   3.9250831e-01
   3.9429164e-01
   4.5924841e-01
   3.7137172e-01
   3.8698413e-01
   5.0691199e-01
   3.9127620e-01
   4.5672682e-01
   3.9982777e-01
   6.1469532e-01
   9.8175951e-01
   7.2425838e-01
   2.1688626e+00
   2.2400191e+00
   8.2716866e-01
   2.1681980e+00
   4.1268495e+00
   9.2962073e+00
   1.0861792e+01
   2.0722910e+01
   2.2517775e+01
   2.6506977e+01
   2.5477139e+01
   7.9376673e+00
   2.2610927e+01
   2.6791598e+01
   3.1416519e+01
   1.8808791e+01
   1.8224026e+01
   1.1905095e+01
   1.3302271e+01
   2.0729857e+01
   1.3053477e+01
   9.6317427e+00
   3.0795639e+00
   9.2851421e+00
   6.4791143e+00
   5.9321764e+00
   9.4074001e+00
   6.4179561e+00
   9.4434955e-01
   1.2471197e+00
   1.1928255e+00
   2.9558676e+00
   2.4089062e+00
   6.3560016e-01
   4.6579012e-01
   8.2447403e-01
   1.4833195e+00
   6.5076203e-01
   1.1363547e+00
   9.4619655e-01
   4.1196579e-01
   1.9566462e+00
   8.5007103e-01
   2.1273057e-01
   5.4154906e-01
   6.3896122e-01
   9.4804499e-01
   1.3936547e+00
   1.5300845e+00
   6.3013484e+00
   1.3459465e+00
   2.0553359e+00
   2.6012282e+00
   1.7173698e+00
   2.8044006e+00
   4.0637117e+00
   7.5282720e+00
   3.5603017e+00
   5.0613583e+00
   7.3104503e+00
   7.5393869e+00
   1.1417572e+01
   9.8969331e+00
   1.2862163e+01
   9.6842218e+00
   1.8012856e+00
   6.3162975e+00
   5.5288596e+00
   6.5518801e+00
   4.0296235e+00
   2.1098368e+00
   3.6688676e+00
   1.1846155e+00
   2.6137207e+00
   1.3003593e+00
   1.0848714e+00
   1.9439328e+00
   2.0138031e-01
   2.5469532e+00
   1.4302074e+00
   1.1255060e+00
   6.2904036e-01
   4.1702673e-01
   2.9711207e-01
   5.5519426e-01
   6.7967909e-01
   4.7017917e-01
   1.7381119e-01
   2.6260084e-01
   2.4837773e-01
   1.0887588e-01
   9.1632267e-02
   2.8731905e-01
   1.1017142e-01
   1.8758565e-01
   3.0686469e-02
   1.2093912e-01
   1.8702457e-01
   1.8725785e-01
   6.5924759e-02
   9.7130638e-02
   9.8852771e-02
   1.0943320e-01
   4.9531449e-02
   2.0089163e-02
   9.9876404e-02
   8.4589749e-02
   1.4825909e-01
   1.8300027e-01
   7.2992947e-02
   9.0217523e-02
   1.1202106e-01
   7.5033005e-02
   1.0632209e-01
   3.4053808e-02
   5.0880126e-02
   1.1145600e-01
   3.6204372e-02
   8.9480275e-02
   1.0141746e-01
   3.8782472e-02
   2.4863100e-02
   6.5298820e-02
   8.7218639e-02
   7.4870377e-02
   5.1561332e-02
   7.5995181e-02
   2.3138011e-02
   3.9286075e-02
   2.2795942e-02
   4.1106416e-02
   7.1476678e-02
   9.6140723e-03
   4.1224747e-02
   3.6917229e-02
   6.8174112e-03
   7.9222265e-03
   1.6699572e-02
   4.1888935e-02
   3.7041839e-02
   1.8477020e-02
   1.8991579e-02
   1.5674327e-02
   1.6116594e-02
   1.1572362e-02
   3.0512126e-02
   2.5353394e-02
   2.1795620e-02
   3.0334174e-03
   2.4790544e-02
   1.8560359e-02
   1.8061531e-02
   1.4154408e-02
   1.7055367e-02
   1.6324946e-02
   6.5627841e-03
   2.9801315e-02
   3.0233601e-02
   3.2585883e-02
   2.3625419e-02
   1.9708576e-02
   3.9625578e-02
   5.4218860e-03
   2.8157038e-02
   3.0584912e-02
   4.5694755e-02
   5.5884614e-02
   3.9734697e-02
   2.1483437e-02
   4.1375664e-02
   3.9870486e-02
   3.0494175e-02
   4.1313232e-02
   1.1182645e-01
   1.4993352e-01
   6.4807258e-02
   2.9465005e-02
   5.2249049e-02
   9.0885441e-02
   6.8285990e-02
   2.2451198e-02
   5.9287592e-03
   1.5586451e-02
   7.0187479e-03
   1.5033107e-02
   1.0067968e-02
   6.2711133e-03
   2.3821399e-02
   9.5289675e-03
   1.4313370e-02
   1.2539927e-02
   2.6356322e-02
   1.7986150e-02
   7.3211690e-03
   3.5212592e-03
   1.8753057e-02
   2.3809427e-02
   1.4787210e-02
   1.6179844e-02
   1.1604145e-02
   1.9624566e-02
   7.5244549e-03
   1.0815028e-02
   2.9614480e-02
   1.5331084e-02
   2.9411934e-03
   1.3925779e-02
   1.8196005e-02
   2.0916305e-02
   2.4542880e-02
   9.9176619e-03
   1.5959177e-02
   1.0924581e-02
   2.1668096e-02
   2.9114460e-03
   1.3588287e-02
   1.0704476e-02
   2.5293231e-02
   6.2802819e-03
   8.0852788e-03
   1.2662815e-02
   2.1230552e-02
   2.4359516e-02
   5.8423130e-03
   1.6675690e-02
   7.5745234e-03
   2.5930589e-02
   2.3078164e-02
   2.3955336e-02
   1.2265540e-02
   7.3177324e-03
   1.5924176e-02
   1.4682379e-02
   2.9388597e-02
   2.8955838e-02
   2.2438584e-02
   8.9423600e-03
   2.2438584e-02
   2.8955838e-02
   2.9388597e-02
   1.4682379e-02
   1.5924176e-02
   7.3177324e-03
   1.2265540e-02
   2.3955336e-02
   2.3078164e-02
   2.5930589e-02
   7.5745234e-03
   1.6675690e-02
   5.8423130e-03
   2.4359516e-02
   2.1230552e-02
   1.2662815e-02
   8.0852788e-03
   6.2802819e-03
   2.5293231e-02
   1.0704476e-02
   1.3588287e-02
   2.9114460e-03
   2.1668096e-02
   1.0924581e-02
   1.5959177e-02
   9.9176619e-03
   2.4542880e-02
   2.0916305e-02
   1.8196005e-02
   1.3925779e-02
   2.9411934e-03
   1.5331084e-02
   2.9614480e-02
   1.0815028e-02
   7.5244549e-03
   1.9624566e-02
   1.1604145e-02
   1.6179844e-02
   1.4787210e-02
   2.3809427e-02
   1.8753057e-02
   3.5212592e-03
   7.3211690e-03
   1.7986150e-02
   2.6356322e-02
   1.2539927e-02
   1.4313370e-02
   9.5289675e-03
   2.3821399e-02
   6.2711133e-03
   1.0067968e-02
   1.5033107e-02
   7.0187479e-03
   1.5586451e-02
   5.9287592e-03
   2.2451198e-02
   6.8285990e-02
   9.0885441e-02
   5.2249049e-02
   2.9465005e-02
   6.4807258e-02
   1.4993352e-01
   1.1182645e-01
   4.1313232e-02
   3.0494175e-02
   3.9870486e-02
   4.1375664e-02
   2.1483437e-02
   3.9734697e-02
   5.5884614e-02
   4.5694755e-02
   3.0584912e-02
   2.8157038e-02
   5.4218860e-03
   3.9625578e-02
   1.9708576e-02
   2.3625419e-02
   3.2585883e-02
   3.0233601e-02
   2.9801315e-02
   6.5627841e-03
   1.6324946e-02
   1.7055367e-02
   1.4154408e-02
   1.8061531e-02
   1.8560359e-02
   2.4790544e-02
   3.0334174e-03
   2.1795620e-02
   2.5353394e-02
   3.0512126e-02
   1.1572362e-02
   1.6116594e-02
   1.5674327e-02
   1.8991579e-02
   1.8477020e-02
   3.7041839e-02
   4.1888935e-02
   1.6699572e-02
   7.9222265e-03
   6.8174112e-03
   3.6917229e-02
   4.1224747e-02
   9.6140723e-03
   7.1476678e-02
   4.1106416e-02
   2.2795942e-02
   3.9286075e-02
   2.3138011e-02
   7.5995181e-02
   5.1561332e-02
   7.4870377e-02
   8.7218639e-02
   6.5298820e-02
   2.4863100e-02
   3.8782472e-02
   1.0141746e-01
   8.9480275e-02
   3.6204372e-02
   1.1145600e-01
   5.0880126e-02
   3.4053808e-02
   1.0632209e-01
   7.5033005e-02
   1.1202106e-01
   9.0217523e-02
   7.2992947e-02
   1.8300027e-01
   1.4825909e-01
   8.4589749e-02
   9.9876404e-02
   2.0089163e-02
   4.9531449e-02
   1.0943320e-01
   9.8852771e-02
   9.7130638e-02
   6.5924759e-02
   1.8725785e-01
   1.8702457e-01
   1.2093912e-01
   3.0686469e-02
   1.8758565e-01
   1.1017142e-01
   2.8731905e-01
   9.1632267e-02
   1.0887588e-01
   2.4837773e-01
   2.6260084e-01
   1.7381119e-01
   4.7017917e-01
   6.7967909e-01
   5.5519426e-01
   2.9711207e-01
   4.1702673e-01
   6.2904036e-01
   1.1255060e+00
   1.4302074e+00
   2.5469532e+00
   2.0138031e-01
   1.9439328e+00
   1.0848714e+00
   1.3003593e+00
   2.6137207e+00
   1.1846155e+00
   3.6688676e+00
   2.1098368e+00
   4.0296235e+00
   6.5518801e+00
   5.5288596e+00
   6.3162975e+00
   1.8012856e+00
   9.6842218e+00
   1.2862163e+01
   9.8969331e+00
   1.1417572e+01
   7.5393869e+00
   7.3104503e+00
   5.0613583e+00
   3.5603017e+00
   7.5282720e+00
   4.0637117e+00
   2.8044006e+00
   1.7173698e+00
   2.6012282e+00
   2.0553359e+00
   1.3459465e+00
   6.3013484e+00
   1.5300845e+00
   1.3936547e+00
   9.4804499e-01
   6.3896122e-01
   5.4154906e-01
   2.1273057e-01
   8.5007103e-01
   1.9566462e+00
   4.1196579e-01
   9.4619655e-01
   1.1363547e+00
   6.5076203e-01
   1.4833195e+00
   8.2447403e-01
   4.6579012e-01
   6.3560016e-01
   2.4089062e+00
   2.9558676e+00
   1.1928255e+00
   1.2471197e+00
   9.4434955e-01
   6.4179561e+00
   9.4074001e+00
   5.9321764e+00
   6.4791143e+00
   9.2851421e+00
   3.0795639e+00
   9.6317427e+00
   1.3053477e+01
   2.0729857e+01
   1.3302271e+01
   1.1905095e+01
   1.8224026e+01
   1.8808791e+01
   3.1416519e+01
   2.6791598e+01
   2.2610927e+01
   7.9376673e+00
   2.5477139e+01
   2.6506977e+01
   2.2517775e+01
   2.0722910e+01
   1.0861792e+01
   9.2962073e+00
   4.1268495e+00
   2.1681980e+00
   8.2716866e-01
   2.2400191e+00
   2.1688626e+00
   7.2425838e-01
   9.8175951e-01
   6.1469532e-01
   3.9982777e-01
   4.5672682e-01
   3.9127620e-01
   5.0691199e-01
   3.8698413e-01
   3.7137172e-01
   4.5924841e-01
   3.9429164e-01
   3.9250831e-01
   3.9703942e-01
