  -1.5749783e-05
   3.6630887e-05
   2.2485932e-05
  -6.1721075e-05
  -5.7201569e-05
   6.4338372e-05
   9.6718123e-05
  -3.6051985e-05
  -1.1303019e-04
  -8.0089774e-06
   9.4633768e-05
   4.2290457e-05
  -5.3973004e-05
  -4.9865400e-05
   1.7681093e-05
   3.3173645e-05
  -8.5408238e-06
  -1.0767632e-05
   3.1399769e-05
   4.1530297e-06
  -7.0795099e-05
  -2.3960943e-05
   1.0012167e-04
   6.3434354e-05
  -9.5388348e-05
  -1.0054174e-04
   4.5928630e-05
   1.0319130e-04
   3.8103467e-05
  -3.4490221e-05
  -1.1492817e-04
  -1.3065381e-04
   1.0311409e-04
   3.6264943e-04
   8.7791621e-05
  -5.3393176e-04
  -4.5878228e-04
   4.6148110e-04
   8.1954368e-04
  -8.9090529e-05
  -8.4895077e-04
  -3.1850463e-04
   3.9987759e-04
   2.5143840e-04
   1.7374492e-04
   5.7793965e-04
  -1.0310218e-04
  -1.7169292e-03
  -1.1182780e-03
   2.0432885e-03
   2.9519658e-03
  -6.9863281e-04
  -3.8395427e-03
  -1.7775972e-03
   2.4454993e-03
   3.3879492e-03
   7.7788579e-04
  -2.2635193e-03
  -3.4208448e-03
  -1.3068198e-03
   3.0535117e-03
   4.5958703e-03
   3.0475560e-04
  -4.6843102e-03
  -3.7944958e-03
   1.2815714e-03
   4.1578172e-03
   2.7688949e-03
  -7.7353053e-04
  -3.9733246e-03
  -3.6961808e-03
   1.3094341e-03
   5.6535956e-03
   2.9190424e-03
  -3.6643562e-03
  -5.1261991e-03
  -4.1546180e-04
   3.4522366e-03
   3.0675577e-03
   7.7738082e-04
  -1.9979683e-03
  -4.1913272e-03
  -2.0461539e-03
   4.0983877e-03
   5.8966669e-03
  -6.4314224e-04
  -6.4995075e-03
  -3.2751824e-03
   3.4167355e-03
   4.3140437e-03
   6.6217049e-04
  -1.5689003e-03
  -2.0407085e-03
  -2.3051861e-03
  -5.6456648e-04
   3.2045172e-03
   4.2867950e-03
   2.3897572e-04
  -4.5341890e-03
  -4.4770420e-03
   1.6569240e-04
   4.2977255e-03
   4.2314658e-03
   8.7172216e-04
  -2.9516218e-03
  -5.1225329e-03
  -3.5095750e-03
   2.4663641e-03
   7.7057669e-03
   5.1894736e-03
  -3.6419309e-03
  -8.9922521e-03
  -5.1714873e-03
   3.3991104e-03
   8.7976670e-03
   6.4211871e-03
  -2.5099258e-03
  -9.9619238e-03
  -7.1565141e-03
   3.6582586e-03
   9.8714209e-03
   4.9736854e-03
  -3.5280295e-03
  -6.3999436e-03
  -3.8305527e-03
  -2.4335229e-05
   3.9070811e-03
   6.2634494e-03
   2.7554033e-03
  -5.4064091e-03
  -8.6983964e-03
  -1.4579885e-03
   8.3094346e-03
   8.1280086e-03
  -2.3699154e-03
  -1.0109478e-02
  -4.8736548e-03
   7.0155931e-03
   9.8929596e-03
  -5.5955856e-04
  -1.0543701e-02
  -6.5770085e-03
   5.8091899e-03
   1.0273310e-02
   2.2441062e-03
  -7.0674900e-03
  -7.5882065e-03
  -1.1516488e-03
   4.9885755e-03
   6.6665639e-03
   3.2783344e-03
  -3.3621350e-03
  -8.1421492e-03
  -5.4697321e-03
   3.5670801e-03
   9.7154063e-03
   5.6146522e-03
  -4.1624353e-03
  -8.6123064e-03
  -4.6116816e-03
   1.6194047e-03
   5.6104545e-03
   7.0199937e-03
   3.1796308e-03
  -6.4736458e-03
  -1.1835056e-02
  -3.4453786e-03
   1.0024287e-02
   1.1690648e-02
   7.3357484e-04
  -8.7752670e-03
  -8.7332149e-03
  -2.3004934e-03
   5.5270487e-03
   9.7094575e-03
   4.7584247e-03
  -6.3610221e-03
  -1.0806345e-02
  -2.6141171e-03
   7.3832834e-03
   6.8484445e-03
  -7.4180660e-04
  -3.4479287e-03
  -5.4089048e-06
   7.4687314e-07
  -5.1992951e-03
  -4.1970802e-03
   7.1022115e-03
   1.2985111e-02
   6.9830306e-04
  -1.5359551e-02
  -1.2339134e-02
   6.0646713e-03
   1.5570056e-02
   6.8833320e-03
  -6.3299984e-03
  -1.0876983e-02
  -6.1248274e-03
   3.1575892e-03
   1.0038576e-02
   6.8347770e-03
  -4.2353005e-03
  -9.4393642e-03
  -2.4954007e-03
   5.3312227e-03
   3.4587660e-03
  -2.0493323e-03
  -1.2583898e-03
   2.8438659e-03
   1.8519905e-03
  -3.1996366e-03
  -5.0139335e-03
  -1.2890042e-03
   4.4606842e-03
   7.3259108e-03
   2.9608042e-03
  -7.1224704e-03
  -1.1614466e-02
  -1.6986677e-03
   1.2581879e-02
   1.2114206e-02
  -3.7151438e-03
  -1.4590240e-02
  -7.6349959e-03
   6.7695488e-03
   1.1932518e-02
   4.6088037e-03
  -6.2976320e-03
  -1.0561631e-02
  -3.9531369e-03
   7.4836665e-03
   1.0948184e-02
   1.3073736e-03
  -1.0398871e-02
  -9.4853206e-03
   3.4089225e-03
   1.2282648e-02
   5.5162789e-03
  -8.6840570e-03
  -1.1540270e-02
   1.2447364e-03
   1.2010985e-02
   5.6636948e-03
  -7.7124194e-03
  -8.4815919e-03
   2.1897164e-03
   6.6551311e-03
   7.3295066e-04
  -2.8259658e-03
   3.6212054e-04
   7.4280207e-04
  -3.5770376e-03
  -2.4030222e-03
   5.2279434e-03
   6.4852429e-03
  -2.7437347e-03
  -9.2479040e-03
  -3.1118788e-03
   7.4430853e-03
   8.5301903e-03
  -1.1223947e-03
  -9.5695943e-03
  -6.1702454e-03
   5.3377909e-03
   1.0209199e-02
   1.5047949e-03
  -9.2616821e-03
  -7.2195820e-03
   4.6672829e-03
   9.6519780e-03
   1.0664119e-03
  -8.6287036e-03
  -5.9700286e-03
   4.7930437e-03
   8.5772535e-03
   8.1399272e-04
  -7.4918290e-03
  -6.0115473e-03
   2.3687527e-03
   7.5890334e-03
   4.4320787e-03
  -3.6428915e-03
  -8.2749706e-03
  -3.7352718e-03
   5.8254804e-03
   9.0466381e-03
   1.2765539e-03
  -8.0318739e-03
  -7.2029051e-03
   2.0274699e-03
   7.4603200e-03
   3.2596787e-03
  -3.4127519e-03
  -3.8862915e-03
   2.8341529e-04
   1.6971279e-03
  -7.5209003e-04
  -1.2543202e-03
   2.0510274e-03
   3.5484605e-03
  -2.3821800e-04
  -4.6535888e-03
  -3.9686998e-03
   1.1371158e-03
   5.5338964e-03
   4.7966905e-03
  -1.3878855e-03
  -7.2015242e-03
  -5.2257815e-03
   3.2321029e-03
   7.8700463e-03
   3.2688727e-03
  -3.9810784e-03
  -5.7349998e-03
  -2.2360837e-03
   1.9221964e-03
   4.3241169e-03
   3.8007893e-03
  -4.3509311e-04
  -5.3202086e-03
  -4.9815140e-03
   1.2915028e-03
   6.3049179e-03
   3.8769518e-03
  -2.7111846e-03
  -5.3050014e-03
  -1.6824303e-03
   2.7433291e-03
   3.0353861e-03
   2.4420885e-04
  -1.6394892e-03
  -1.0982274e-03
   1.6945755e-04
   5.4490241e-04
   2.8518687e-04
  -1.2098051e-04
  -7.4330986e-04
  -5.4620399e-04
   1.4681033e-03
   2.5823084e-03
  -7.1985616e-04
  -4.9975039e-03
  -2.7127121e-03
   4.8653341e-03
   6.9041360e-03
  -7.6556066e-04
  -8.0404524e-03
  -4.9312299e-03
   4.2803106e-03
   7.8233914e-03
   2.1173547e-03
  -5.3823151e-03
  -6.4609004e-03
  -7.5101733e-04
   5.3894451e-03
   5.8685372e-03
   3.1398312e-04
  -5.8226155e-03
  -6.0372138e-03
   5.8207225e-04
   6.9729462e-03
   5.3573284e-03
  -2.4659372e-03
  -6.8026021e-03
  -3.1169227e-03
   2.8428270e-03
   4.5505972e-03
   2.2215582e-03
  -1.0375164e-03
  -3.4514444e-03
  -3.2278342e-03
   4.6347368e-04
   4.0081607e-03
   2.7378516e-03
  -1.6724006e-03
  -2.9703798e-03
  -2.5169674e-05
   1.5558565e-03
  -7.4258358e-04
  -1.8580119e-03
   1.5237716e-03
   4.1052970e-03
   6.3314163e-04
  -4.6478775e-03
  -4.3788040e-03
   9.7170851e-04
   5.0367300e-03
   4.1573919e-03
  -5.6722106e-04
  -5.3400937e-03
  -5.2346390e-03
   1.0035221e-03
   6.8026868e-03
   4.5944611e-03
  -3.1193416e-03
  -6.3790719e-03
  -1.6522785e-03
   3.9286998e-03
   3.5017712e-03
  -7.3921234e-04
  -2.5559726e-03
  -6.8569235e-04
   1.2096132e-03
   9.0530136e-04
  -3.3669943e-04
  -9.7690174e-04
  -7.8039131e-04
   2.9534108e-04
   1.7507851e-03
   1.7098317e-03
  -7.7056812e-04
  -3.2453304e-03
  -2.3501488e-03
   1.6284721e-03
   4.5589703e-03
   2.8489157e-03
  -2.5150642e-03
  -6.0928194e-03
  -3.1207499e-03
   4.2214141e-03
   7.5399748e-03
   1.9995041e-03
  -6.4013890e-03
  -7.4399860e-03
   2.4950377e-04
   7.3966026e-03
   5.8844569e-03
  -1.9182593e-03
  -7.0734370e-03
  -4.4123249e-03
   2.6850401e-03
   6.5826695e-03
   3.4158143e-03
  -3.1917374e-03
  -6.2682252e-03
  -2.7527949e-03
   3.6926511e-03
   6.4091474e-03
   2.2191659e-03
  -4.8307202e-03
  -6.8112568e-03
  -8.1844815e-04
   6.4623791e-03
   6.1586326e-03
  -1.4592288e-03
  -7.0878362e-03
  -4.2342872e-03
   3.1456789e-03
   6.3513673e-03
   2.2748847e-03
  -3.8893487e-03
  -5.1279922e-03
  -5.0062103e-04
   4.1342702e-03
   3.4257538e-03
  -1.1099556e-03
  -3.6504552e-03
  -1.5076179e-03
   2.1804812e-03
   2.7528889e-03
  -3.5064253e-04
  -2.8991836e-03
  -1.3280159e-03
   2.1718646e-03
   2.6093434e-03
  -5.1007923e-04
  -2.7734036e-03
  -1.5504712e-03
   1.1521953e-03
   2.5029009e-03
   1.6159501e-03
  -1.0112342e-03
  -3.3462443e-03
  -2.3430874e-03
   1.9963232e-03
   4.7837234e-03
   1.9646446e-03
  -3.5980247e-03
  -5.2040714e-03
  -8.3159556e-04
   4.4180743e-03
   4.7117425e-03
   7.6145133e-05
  -4.3704343e-03
  -4.2415723e-03
   1.4174041e-04
   4.3855179e-03
   3.9477173e-03
  -9.8839496e-04
  -4.5656594e-03
  -2.1383267e-03
   2.4940829e-03
   2.3043356e-03
  -1.2007241e-03
  -7.0462517e-04
   2.5269513e-03
   4.5154198e-04
  -4.7084746e-03
  -2.5710013e-03
   4.8450240e-03
