  -1.9532800e-03
  -2.4416000e-03
  -2.4416000e-03
  -2.4416000e-03
  -2.4416000e-03
  -1.9532800e-03
  -1.4649600e-03
  -2.4416000e-03
  -1.9532800e-03
  -2.4416000e-03
  -1.9532800e-03
  -2.4416000e-03
  -2.4416000e-03
  -2.9299200e-03
  -2.4416000e-03
  -2.9299200e-03
  -1.9532800e-03
  -2.4416000e-03
  -2.4416000e-03
  -1.9532800e-03
  -2.4416000e-03
  -1.9532800e-03
  -1.9532800e-03
  -1.9532800e-03
  -2.4416000e-03
  -2.4416000e-03
  -1.9532800e-03
  -1.9532800e-03
  -2.4416000e-03
  -1.9532800e-03
  -2.4416000e-03
  -1.9532800e-03
  -1.9532800e-03
  -1.9532800e-03
  -2.4416000e-03
  -2.4416000e-03
  -2.4416000e-03
  -3.9065600e-03
  -3.9065600e-03
  -5.8598400e-03
  -1.9532800e-03
   5.8293200e-03
   1.2146960e-02
   1.0193680e-02
   9.4612000e-04
  -9.7358800e-03
  -1.3642440e-02
  -1.1689160e-02
  -6.3481600e-03
  -6.8364800e-03
  -1.2177480e-02
  -2.0936720e-02
  -1.2665800e-02
   9.7053600e-03
   2.4293920e-02
   1.1170320e-02
  -1.9960080e-02
  -3.8455200e-02
  -1.9960080e-02
   2.0906200e-02
   5.3501560e-02
   4.5718960e-02
  -4.8832000e-03
  -4.8648880e-02
  -4.6695600e-02
  -5.8598400e-03
   3.2564840e-02
   3.2076520e-02
   1.9227600e-03
  -2.4812760e-02
  -2.5301080e-02
   6.8059600e-03
   3.2076520e-02
   1.8464600e-02
  -1.3642440e-02
  -3.6990240e-02
  -2.9207640e-02
  -1.1200840e-02
  -1.5565200e-02
  -3.4060320e-02
  -4.7183920e-02
  -3.6013600e-02
   1.5565200e-02
   6.7113480e-02
   8.0725400e-02
   6.1284160e-02
   1.5565200e-02
   6.8059600e-03
   1.3611920e-02
   2.8994000e-03
  -1.9960080e-02
  -4.5261160e-02
  -5.0602160e-02
  -2.4812760e-02
   4.5780000e-04
  -2.4416000e-03
  -4.5261160e-02
  -8.6585240e-02
  -6.0826360e-02
   3.4029800e-02
   1.3764520e-01
   1.6050468e-01
   5.1059960e-02
  -1.2113388e-01
  -2.3347800e-01
  -1.9602996e-01
  -3.1618720e-02
   1.2305664e-01
   1.5272208e-01
   3.9859120e-02
  -1.0263876e-01
  -1.0508036e-01
   6.2718600e-02
   2.7626704e-01
   3.5845740e-01
   2.1205296e-01
  -6.3725760e-02
  -2.7678588e-01
  -2.8652176e-01
  -1.1383960e-01
   5.2036600e-02
   6.3695240e-02
  -6.9585600e-02
  -2.2035440e-01
  -2.2474928e-01
  -5.5943160e-02
   1.7362828e-01
   3.1954440e-01
   2.8649124e-01
   1.2790932e-01
  -2.0448400e-02
  -7.4438280e-02
  -4.3796200e-02
  -1.5565200e-02
  -5.6919800e-02
  -1.6102352e-01
  -2.7385596e-01
  -3.3465180e-01
  -3.0449804e-01
  -1.8046476e-01
   2.2859480e-02
   2.4513664e-01
   3.9251772e-01
   4.1391224e-01
   3.3657456e-01
   2.6167848e-01
   2.6070184e-01
   2.8841400e-01
   2.2569540e-01
  -7.3248000e-03
  -3.7405312e-01
  -7.0043400e-01
  -7.9968504e-01
  -6.3380884e-01
  -3.2250484e-01
  -6.2260800e-02
   3.7448040e-02
   5.1548280e-02
   1.3715688e-01
   3.7792916e-01
   6.8679156e-01
   8.4876120e-01
   7.2521624e-01
   3.5409304e-01
  -7.5414920e-02
  -3.4341104e-01
  -3.8427732e-01
  -3.2250484e-01
  -3.3370568e-01
  -4.6939760e-01
  -5.9782576e-01
  -5.6230048e-01
  -3.2055156e-01
   1.8952920e-02
   2.7239100e-01
   3.3999280e-01
   2.8697956e-01
   2.6604284e-01
   3.6965824e-01
   5.1703932e-01
   5.6080500e-01
   4.0808292e-01
   1.1380908e-01
  -1.6053520e-01
  -2.8115024e-01
  -2.5099648e-01
  -1.8775904e-01
  -2.5148480e-01
  -4.7037424e-01
  -7.1261148e-01
  -7.7145404e-01
  -5.1413992e-01
  -6.9585600e-02
   2.9427384e-01
   4.2169484e-01
   3.4875204e-01
   2.8600292e-01
   3.9447100e-01
   6.3768488e-01
   8.3954416e-01
   7.8604260e-01
   4.3191904e-01
  -4.2331240e-02
  -4.2804300e-01
  -5.9294256e-01
  -5.6861812e-01
  -4.9323372e-01
  -4.6259164e-01
  -4.9906304e-01
  -5.2143420e-01
  -4.0909008e-01
  -1.4497000e-01
   1.7558156e-01
   3.9593596e-01
   4.1879544e-01
   2.9863820e-01
   1.6731064e-01
   1.5028048e-01
   2.4708992e-01
   3.2879196e-01
   2.8356132e-01
   1.1768512e-01
  -4.1354600e-02
  -7.2485000e-02
  -1.9532800e-03
   5.7865920e-02
   1.8952920e-02
  -1.2357548e-01
  -2.7629756e-01
  -3.5021700e-01
  -3.3224072e-01
  -2.6415060e-01
  -1.9749492e-01
  -1.2598656e-01
  -3.2107040e-02
   6.2718600e-02
   1.1719680e-01
   1.0846808e-01
   6.3695240e-02
   4.0347440e-02
   5.5424320e-02
   7.8772120e-02
   7.2942800e-02
   5.2036600e-02
   7.2454480e-02
   1.5076880e-01
   2.4904320e-01
   3.1615668e-01
   3.2247432e-01
   2.7333712e-01
   1.7851148e-01
   5.5912640e-02
  -7.3949960e-02
  -2.1159516e-01
  -3.5265860e-01
  -4.6063836e-01
  -4.9274540e-01
  -4.4946804e-01
  -3.8281236e-01
  -3.4148828e-01
  -3.1035788e-01
  -2.3982616e-01
  -9.0980120e-02
   1.1866176e-01
   3.1469172e-01
   4.3533728e-01
   4.8835052e-01
   5.1267496e-01
   5.2579856e-01
   5.1606268e-01
   4.6402608e-01
   3.6916992e-01
   2.3491244e-01
   6.4183560e-02
  -1.4643496e-01
  -3.6578220e-01
  -5.4139428e-01
  -6.3429716e-01
  -6.5520336e-01
  -6.3380884e-01
  -5.7591240e-01
  -4.5529736e-01
  -2.5050816e-01
   1.3123600e-02
   2.5389588e-01
   3.9056444e-01
   4.1733048e-01
   4.0954788e-01
   4.4748424e-01
   5.2335696e-01
   5.5888224e-01
   4.6402608e-01
   2.4028396e-01
  -2.3347800e-02
  -2.1501340e-01
  -2.7873916e-01
  -2.4370220e-01
  -2.0091316e-01
  -2.2181936e-01
  -3.1374560e-01
  -4.0957840e-01
  -4.1736100e-01
  -3.0596300e-01
  -1.3865236e-01
  -1.6053520e-02
   1.6511320e-02
  -1.9532800e-03
   1.3123600e-02
   1.2452160e-01
   2.9427384e-01
   4.1733048e-01
   4.2804300e-01
   3.4435716e-01
   2.4950100e-01
   1.9551112e-01
   1.6343460e-01
   9.7755560e-02
  -4.4284520e-02
  -2.3009028e-01
  -3.6434776e-01
  -3.8769556e-01
  -3.0791628e-01
  -2.1599004e-01
  -1.8583628e-01
  -2.1888944e-01
  -2.3396632e-01
  -1.5760528e-01
   2.2859480e-02
   2.3735404e-01
   3.9447100e-01
   4.3387232e-01
   3.6089900e-01
   2.3784236e-01
   1.2546772e-01
   5.0083320e-02
  -2.9299200e-03
  -8.0267600e-02
  -2.0576584e-01
  -3.5412356e-01
  -4.6015004e-01
  -4.5529736e-01
  -3.1569888e-01
  -8.2220880e-02
   1.5757476e-01
   3.1130400e-01
   3.6138732e-01
   3.5021700e-01
   3.2247432e-01
   2.8063140e-01
   1.9502280e-01
   5.8354240e-02
  -8.9026840e-02
  -2.0042484e-01
  -2.5148480e-01
  -2.5926740e-01
  -2.5343808e-01
  -2.2474928e-01
  -1.4204008e-01
   0.0000000e+00
   1.5610980e-01
   2.4416000e-01
   2.1156464e-01
   9.0949600e-02
  -3.0184280e-02
  -7.9779280e-02
  -6.8608960e-02
  -6.2749120e-02
  -1.0361540e-01
  -1.7219384e-01
  -2.0234760e-01
  -1.3474580e-01
   2.4293920e-02
   1.8678240e-01
   2.6604284e-01
   2.3442412e-01
   1.3862184e-01
   6.0307520e-02
   3.9370800e-02
   5.5912640e-02
   5.0083320e-02
  -2.2890000e-02
  -1.5079932e-01
  -2.6607336e-01
  -2.8163856e-01
  -1.7075940e-01
  -4.8832000e-04
   1.1527404e-01
   1.2546772e-01
   6.0795840e-02
   1.8952920e-02
   6.5160200e-02
   1.7509324e-01
   2.4562496e-01
   1.8482912e-01
   2.8994000e-03
  -1.9410720e-01
  -2.9528100e-01
  -2.6073236e-01
  -1.3914068e-01
  -2.4324440e-02
   1.8464600e-02
  -1.7030160e-02
  -8.1732560e-02
  -1.0752196e-01
  -5.4478200e-02
   6.1284160e-02
   1.7606988e-01
   2.2761816e-01
   1.9017012e-01
   9.8243880e-02
   1.6023000e-02
  -7.7826000e-03
   2.5270560e-02
   5.6400960e-02
   3.4029800e-02
  -4.3307880e-02
  -1.1771564e-01
  -1.2549824e-01
  -5.7408120e-02
   3.1588200e-02
   5.8842560e-02
   8.7287200e-03
  -7.6879880e-02
  -1.2162220e-01
  -1.0703364e-01
  -7.4926600e-02
  -7.4926600e-02
  -1.0605700e-01
  -1.1771564e-01
  -6.5679040e-02
   4.1324080e-02
   1.5321040e-01
   2.1547120e-01
   2.2908312e-01
   2.2325380e-01
   2.1644784e-01
   1.9261172e-01
   1.2256832e-01
   4.3643600e-03
  -1.2113388e-01
  -2.0381256e-01
  -2.3396632e-01
  -2.4272556e-01
  -2.6415060e-01
  -2.8749840e-01
  -2.6073236e-01
  -1.5128764e-01
   1.0682000e-02
   1.5565200e-01
   2.2908312e-01
   2.3442412e-01
   2.1644784e-01
   2.1302960e-01
   2.2081220e-01
   2.0039432e-01
   1.2595604e-01
   6.3176400e-03
  -1.2500992e-01
  -2.2764868e-01
  -2.7239100e-01
  -2.5197312e-01
  -1.7805368e-01
  -7.5414920e-02
   2.4293920e-02
   9.3849000e-02
   1.2888596e-01
   1.4542780e-01
   1.4396284e-01
   1.2693268e-01
   8.0237080e-02
   1.7487960e-02
  -4.1842920e-02
  -8.2709200e-02
  -1.0556868e-01
  -1.2989312e-01
  -1.7268216e-01
  -2.1257180e-01
  -2.0091316e-01
  -1.0944472e-01
   3.5983080e-02
   1.6050468e-01
   1.9990600e-01
   1.5565200e-01
   9.0949600e-02
   7.3431120e-02
   1.1039084e-01
   1.5321040e-01
   1.3862184e-01
   5.3013240e-02
  -5.4966520e-02
  -1.1918060e-01
  -1.1383960e-01
  -6.8120640e-02
  -3.6990240e-02
  -4.9137200e-02
  -9.3391200e-02
  -1.3135808e-01
  -1.3474580e-01
  -9.9251040e-02
  -4.8160560e-02
